Secondary Structure Prediction Output (Part of REGAd3p ASA Prediction)
TARGET: 1cqqA, Length: 180

SR#  AA  SSp  pCoil          pBeta          pHelix
1    G   C    0.996971       0.00226006     0.000768797
2    P   C    0.981525       0.00898993     0.00948542
3    E   C    0.809318       0.0405085      0.150173
4    E   H    0.287034       0.0997812      0.613185
5    E   H    0.21001        0.119719       0.670271
6    F   H    0.170472       0.198215       0.631313
7    G   H    0.23844        0.286513       0.475047
8    M   H    0.156976       0.378348       0.464676
9    S   E    0.188472       0.484469       0.327059
10   L   E    0.16716        0.51966        0.313179
11   I   E    0.192608       0.580443       0.226949
12   K   E    0.347357       0.413001       0.239642
13   H   C    0.471185       0.316824       0.211991
14   N   C    0.618107       0.24871        0.133183
15   S   E    0.418109       0.466599       0.115292
16   C   E    0.123396       0.833353       0.043251
17   V   E    0.0480553      0.923656       0.0282884
18   I   E    0.0771375      0.87453        0.0483321
19   T   E    0.151929       0.77056        0.0775108
20   T   C    0.411827       0.408455       0.179717
21   E   C    0.705518       0.151343       0.143138
22   N   C    0.864442       0.0501643      0.0853935
23   G   C    0.874979       0.0575211      0.0674996
24   K   C    0.688344       0.204953       0.106703
25   F   E    0.271743       0.655613       0.0726445
26   T   E    0.424111       0.525209       0.0506797
27   G   E    0.306217       0.639438       0.0543451
28   L   E    0.306064       0.652015       0.0419218
29   G   E    0.21212        0.772733       0.0151472
30   V   E    0.176201       0.794733       0.0290656
31   Y   E    0.216163       0.733768       0.0500691
32   D   E    0.347703       0.55704        0.0952577
33   R   E    0.268222       0.610741       0.121037
34   F   E    0.0935258      0.862559       0.0439153
35   V   E    0.0589339      0.929448       0.0116177
36   V   E    0.046799       0.947165       0.00603609
37   V   E    0.163374       0.82884        0.00778573
38   P   C    0.498635       0.468207       0.0331582
39   T   C    0.589844       0.369195       0.040961
40   H   C    0.678185       0.262449       0.0593659
41   A   C    0.83134        0.130631       0.0380292
42   D   C    0.930075       0.0557857      0.0141394
43   P   C    0.9518         0.0211871      0.0270126
44   G   C    0.943226       0.0228606      0.0339135
45   K   C    0.789704       0.111978       0.0983182
46   E   E    0.335136       0.548841       0.116023
47   I   E    0.0853378      0.850491       0.0641715
48   Q   E    0.109922       0.838416       0.0516619
49   V   E    0.162845       0.7572         0.0799548
50   D   C    0.660126       0.266859       0.0730146
51   G   C    0.777974       0.141326       0.0807
52   I   C    0.632701       0.259417       0.107882
53   T   E    0.358164       0.523629       0.118208
54   T   E    0.275088       0.534223       0.190689
55   K   E    0.217048       0.620147       0.162805
56   V   E    0.160324       0.683243       0.156433
57   I   E    0.205105       0.595424       0.19947
58   D   C    0.448244       0.307668       0.244088
59   S   H    0.323331       0.290018       0.386651
60   Y   H    0.224917       0.380533       0.39455
61   D   E    0.236186       0.507203       0.256611
62   L   E    0.338622       0.385743       0.275635
63   Y   E    0.416234       0.418421       0.165345
64   N   C    0.756728       0.119132       0.12414
65   K   C    0.730384       0.0348884      0.234728
66   N   C    0.890258       0.0211871      0.0885545
67   G   C    0.865655       0.0291451      0.1052
68   I   C    0.757382       0.103725       0.138893
69   K   C    0.408053       0.382638       0.209309
70   L   E    0.212638       0.453805       0.333557
71   E   E    0.100195       0.648781       0.251024
72   I   E    0.0603708      0.708275       0.231354
73   T   E    0.0596467      0.780216       0.160137
74   V   E    0.0318037      0.766303       0.201894
75   L   E    0.060525       0.705108       0.234367
76   K   E    0.0900653      0.586464       0.32347
77   L   H    0.221468       0.295068       0.483464
78   D   C    0.65516        0.0798005      0.265039
79   R   C    0.596211       0.0450715      0.358717
80   N   C    0.685664       0.0269379      0.287398
81   E   C    0.539525       0.0362785      0.424197
82   K   C    0.517138       0.155958       0.326905
83   F   H    0.306213       0.272218       0.421568
84   R   C    0.36762        0.334247       0.298133
85   D   E    0.370805       0.383634       0.245561
86   I   E    0.346778       0.381241       0.271981
87   R   E    0.309813       0.537764       0.152422
88   R   E    0.257146       0.64686        0.0959941
89   Y   E    0.246554       0.721612       0.0318337
90   I   C    0.499166       0.478197       0.0226376
91   P   C    0.758269       0.183203       0.0585285
92   N   C    0.776429       0.107824       0.115747
93   N   C    0.823223       0.0454147      0.131362
94   E   C    0.802822       0.0202214      0.176957
95   D   C    0.85879        0.0171832      0.124027
96   D   C    0.854158       0.0170756      0.128767
97   Y   C    0.787204       0.0361043      0.176692
98   P   C    0.662786       0.0293722      0.307842
99   N   H    0.385626       0.031533       0.582841
100  C   H    0.215743       0.0764997      0.707758
101  N   H    0.183681       0.214676       0.601643
102  L   H    0.0842013      0.319571       0.596228
103  A   H    0.0792257      0.398601       0.522173
104  L   H    0.124392       0.317539       0.558069
105  L   C    0.409731       0.202102       0.388167
106  A   C    0.707628       0.0752676      0.217104
107  N   C    0.930115       0.0309416      0.0389436
108  Q   C    0.968975       0.0170436      0.0139818
109  P   C    0.969488       0.0182439      0.0122679
110  E   C    0.946638       0.0308124      0.0225494
111  P   C    0.823459       0.112242       0.0642995
112  T   C    0.541396       0.404117       0.0544872
113  I   E    0.127582       0.841688       0.0307308
114  I   E    0.127228       0.844201       0.0285705
115  N   E    0.297887       0.666133       0.0359794
116  V   C    0.584394       0.341856       0.07375
117  G   C    0.785997       0.154412       0.0595911
118  D   C    0.682926       0.243676       0.0733979
119  V   E    0.330713       0.567537       0.10175
120  V   E    0.291074       0.573795       0.135131
121  S   E    0.33025        0.432697       0.237053
122  Y   E    0.323521       0.376213       0.300266
123  G   C    0.440866       0.277803       0.281331
124  N   E    0.306712       0.395987       0.297301
125  I   E    0.114898       0.682292       0.20281
126  L   E    0.159214       0.621349       0.219437
127  L   H    0.310551       0.324777       0.364673
128  S   C    0.724211       0.107783       0.168006
129  G   C    0.83218        0.0369149      0.130905
130  N   C    0.879993       0.0214395      0.0985671
131  Q   C    0.659123       0.0443681      0.296509
132  T   H    0.438847       0.0911349      0.470018
133  A   H    0.232916       0.13315        0.633934
134  R   H    0.136444       0.362469       0.501088
135  M   E    0.0746769      0.712546       0.212777
136  L   E    0.111612       0.755174       0.133214
137  K   E    0.20202        0.69029        0.107691
138  Y   E    0.314815       0.592733       0.0924522
139  S   C    0.671376       0.287538       0.0410862
140  Y   C    0.772593       0.190554       0.0368528
141  P   C    0.805922       0.128427       0.0656506
142  T   C    0.820284       0.121355       0.0583616
143  K   C    0.782926       0.144907       0.0721675
144  S   C    0.766105       0.124785       0.109111
145  G   C    0.7501         0.146812       0.103088
146  Y   C    0.64628        0.263014       0.0907057
147  C   C    0.560059       0.398056       0.0418847
148  G   C    0.662143       0.282006       0.0558513
149  G   C    0.540179       0.387871       0.0719503
150  V   E    0.123573       0.829852       0.0465746
151  L   E    0.0417889      0.908922       0.0492895
152  Y   E    0.0632948      0.866576       0.0701288
153  K   E    0.155227       0.721531       0.123243
154  I   E    0.293352       0.499483       0.207165
155  G   C    0.457183       0.420223       0.122594
156  Q   E    0.311527       0.628162       0.0603103
157  V   E    0.0835341      0.888035       0.0284313
158  L   E    0.111423       0.866534       0.0220429
159  G   E    0.0853496      0.90279        0.0118608
160  I   E    0.0746422      0.911665       0.0136932
161  H   E    0.102331       0.885929       0.01174
162  V   E    0.336753       0.64168        0.0215674
163  G   C    0.837802       0.150481       0.0117168
164  G   C    0.943685       0.0417929      0.0145225
165  N   C    0.961336       0.0259621      0.0127016
166  G   C    0.935471       0.0271804      0.0373483
167  R   C    0.794173       0.0579623      0.147865
168  D   C    0.651178       0.105036       0.243787
169  G   C    0.473197       0.131787       0.395016
170  F   H    0.249668       0.212919       0.537413
171  S   H    0.0968933      0.329576       0.573531
172  A   H    0.0368426      0.25429        0.708867
173  M   H    0.0272052      0.284223       0.688572
174  L   H    0.0371172      0.257761       0.705122
175  L   H    0.0671695      0.213639       0.719192
176  R   H    0.132044       0.204103       0.663853
177  S   H    0.305058       0.216597       0.478346
178  Y   C    0.410856       0.267765       0.321379
179  F   C    0.585452       0.258391       0.156156
180  T   C    0.803083       0.0850963      0.111821
END
